
dy = [ ...
1.03038645; 2.45487508; 0.68742120; 1.13953402; 0.33046997; 1.22985825; -0.00924616; ...
0.58921383; 1.15412414; 0.96406547; 0.88707559; 0.70459503; 1.01881917; 1.24069625; ...
2.24439363; 1.77721866; 1.28448857; 1.58819845; 1.58915991; 1.80334387; 1.91640376; ...
1.21693835; 1.70232807; 1.38147261; 2.06358294; 1.13436418; 0.84898132; 1.22112260; ...
1.25424871; 1.31144891; 1.12508039; 1.03638964; -0.05789987; 1.08226015; 0.22399213; ...
-1.95174186; -1.21374906; -0.34416421; 0.47037682; 1.40057203; 0.77372926; 1.46013339; ...
1.07751616; 1.10864719; 0.27417010; 1.34248574; 0.57940398; 1.24350063; 1.43001071; ...
0.86073607; 0.69368299; 0.61814239; 1.38711442; 0.48352406; 1.34589762; 1.40487953; ...
0.03326544; 1.86518715; 1.63096081; 0.60576061; 0.84551883; 1.19719131; 0.66653960; ...
0.18210891; 0.49251600; 1.00275112; 0.96697243; 1.04135796; 0.99901102; 0.82239787; ...
1.30642864; 1.74935299; 1.45462754; 1.24140169; 1.05834960; 0.57280901; 0.92616040; ...
1.35630649; 1.49188674; 0.99481650; -0.93720862; -8.24853319; 8.77385525; 1.77184208; ...
2.66451678; 3.14284550; 2.36695319; 3.57431369; 1.76959409; 2.34102124; 1.80664875; ...
1.75953794; 1.60872875; 1.06557272; 1.87180543 ...
];

dinfl = [ ...
0.98971104; 0.78365667; 0.91405972; 0.71271676; 0.95676479; 0.70096646; 0.28227377; ...
-0.07487348; 0.31943662; 0.78622092; 0.53826052; 0.59135524; 1.02865014; -0.16360632; ...
0.74617490; 0.37954162; 0.84641852; 0.78575254; 0.63773138; 1.07357671; 0.50522466; ...
0.67579159; 1.51445522; 0.93234995; 0.52108268; 0.90240491; 0.94401964; -0.41049974; ...
0.98056175; 1.13255383; 0.63301247; 1.22680209; 1.08318685; 1.30093528; 1.54172350; ...
-2.29003797; -0.68786854; 0.53159932; 0.86039334; 0.78293335; 0.15850343; -0.03542282; ...
0.29314717; 0.80987822; 1.06736945; 1.13671164; 0.65236365; 0.44860706; 0.56331949; ...
0.21110167; 0.45147023; 0.66480741; 0.40195532; -0.10934184; 0.54084337; 0.36990999; ...
0.62264320; 0.53093740; 0.25583437; -0.24844407; -0.64714127; 0.68194855; 0.37770088; ...
-0.00756764; -0.06222749; 0.79978459; 0.42447515; 0.63506049; 0.70373965; 0.11523997; ...
0.47804359; 0.79539478; 0.84291250; 0.54427608; 0.40170896; 0.40725348; 0.26710353; ...
0.73445257; 0.32987655; 0.70249015; 0.36062167; -0.97597540; 1.14322726; 0.72138939; ...
0.99351953; 1.85599539; 1.60324670; 2.13752263; 2.19791259; 2.38936966; 1.32247104; ...
1.01181694; 0.90251861; 0.74105554; 0.86281903 ...
];

dr = [ ...
5.68; 6.27; 6.52; 6.47; 5.59; 4.33; 3.50; 2.13; 1.73; 1.75; 1.74; 1.44; 1.25; 1.25; ...
1.02; 1.00; 1.00; 1.01; 1.43; 1.95; 2.47; 2.94; 3.46; 3.98; 4.46; 4.91; 5.25; 5.25; ...
5.26; 5.25; 5.07; 4.50; 3.18; 2.09; 1.94; 0.51; 0.18; 0.18; 0.16; 0.12; 0.13; 0.19; ...
0.19; 0.19; 0.16; 0.09; 0.08; 0.07; 0.10; 0.15; 0.14; 0.16; 0.14; 0.12; 0.08; 0.09; ...
0.07; 0.09; 0.09; 0.10; 0.11; 0.12; 0.14; 0.16; 0.36; 0.37; 0.40; 0.45; 0.70; 0.95; ...
1.15; 1.20; 1.45; 1.74; 1.92; 2.22; 2.40; 2.40; 2.19; 1.64; 1.26; 0.06; 0.09; 0.09; ...
0.08; 0.07; 0.09; 0.08; 0.12; 0.77; 2.19; 3.65; 4.52; 4.99; 5.26 ...
];

dy_c = [ ...
-19.76384202; 12.72157863; 6.94202983; 13.54127370; -17.49622358; 10.96137239; ...
6.01161390; 11.94177876; -17.09441053; 11.02795208; 7.06461425; 11.87882511; ...
-14.71191268; 9.09221974; 8.46597597; 12.68138015; -13.13337055; 12.03140288; ...
8.15021912; 11.67076813; -13.44999337; 10.72792578; 7.26607446; 12.43969547; ...
-12.85687314; 11.88303040; 6.43855616; 13.47889135; -10.15739937; 13.33518780; ...
7.25591835; 13.22239829; -11.81617226; 13.46074011; 4.76205601; 7.56596220; ...
-16.59522655; 13.36402665; 7.13175096; 12.21956461; -13.21536750; 13.53819886; ...
6.65976160; 12.59214240; -12.43592151; 13.80876214; 6.44790947; 9.04685601; ...
-14.96571677; 11.89782340; 5.15456067; 9.93731606; -14.73032435; 10.86839975; ...
6.06471491; 10.21503363; -16.10069123; 11.17492352; 5.74804971; 9.27227713; ...
-16.41938871; 11.52047236; 4.77485276; 9.04609743; -15.66310732; 11.69767871; ...
5.29325576; 10.76149701; -14.03745022; 11.04242260; 5.36716212; 10.63935076; ...
-14.18391216; 10.85278493; 4.69369385; 10.37836556; -16.08932305; 11.20527259; ...
3.95180010; 10.25774927; -25.85033129; 21.00072694; 6.44580159; 11.82614939; ...
-15.70218132; 13.50279815; 2.98353327; 11.88215379; -16.68926055; 8.25397445; ...
5.22289266; 8.48360627; -15.05517456; 8.08465785; 3.88092233 ...
];

dinfl_c = [ ...
0.01321895; -0.01779957; -0.00343267; 0.01767804; 0.01054554; -0.00898400; -0.01103314; ...
0.00832504; 0.00595987; -0.01301593; -0.00869918; 0.00999677; 0.01671480; -0.01164221; ...
-0.00675365; 0.02824772; 0.01804874; 0.00331973; 0.00130017; 0.00795364; 0.01465886; ...
-0.00708909; -0.00236409; 0.00866748; 0.01500439; -0.00469677; -0.00301361; 0.01204801; ...
0.02311944; 0.00364302; 0.02182191; 0.01708349; 0.03633668; 0.00147864; -0.00233850; ...
-0.00930719; 0.00394560; -0.00764512; 0.00031377; 0.00871463; 0.01937302; -0.00135946; ...
0.00563573; 0.02217288; 0.02503593; 0.00557300; 0.01023280; 0.00471855; 0.01628051; ...
-0.00369688; 0.00164855; 0.00674331; 0.01986818; -0.00440342; 0.00499975; 0.00831822; ...
0.01338926; -0.00540000; 0.00271466; 0.00338416; 0.01079251; -0.00333664; 0.00703077; ...
0.00000000; 0.01728690; -0.00326765; 0.00229475; 0.00523356; 0.01008852; -0.00257764; ...
0.00322965; 0.00740535; 0.01310355; -0.00662460; 0.00889139; 0.00629556; 0.00969627; ...
0.00154926; 0.01082524; 0.01958446; 0.01680612; -0.01977539; 0.00331256; 0.00120018; ...
0.01448112; -0.00626273; 0.00066367; 0.00894915; 0.00821243; 0.00456220; 0.00454061; ...
0.00096915; 0.00225829; -0.00675960; 0.00291694 ...
];

dr_c = [ ...
2.69526667; 2.55300000; 2.45466667; 2.70100000; 2.76756667; 2.56200000; 2.43930000; ...
2.31586667; 2.15423333; 1.98066667; 2.12666667; 2.34666667; 2.31333333; 2.20333333; ...
2.79333333; 3.16333333; 2.48000000; 2.84333333; 2.98666667; 2.86000000; 2.46000000; ...
1.74333333; 1.51666667; 1.71000000; 1.83500000; 2.34000000; 2.89666667; 2.84000000; ...
2.69333333; 3.54333333; 3.32666667; 4.48333333; 4.30666667; 4.36333333; 4.23000000; ...
3.23333333; 1.55333333; 1.15333333; 1.72000000; 1.91666667; 1.90000000; 2.48000000; ...
2.49333333; 3.69000000; 4.61333333; 4.69666667; 5.59000000; 5.65666667; 5.62666667; ...
4.03666667; 3.72333333; 3.85666667; 3.66666667; 4.70666667; 5.35666667; 6.17666667; ...
5.58000000; 4.57666667; 4.49333333; 4.56666667; 5.19000000; 3.52000000; 3.14000000; ...
3.07333333; 2.97000000; 2.90333333; 2.81666667; 3.67666667; 4.98000000; 4.79666667; ...
4.47333333; 5.00333333; 4.71333333; 4.51333333; 3.42666667; 3.48666667; 3.07666667; ...
3.25000000; 3.19000000; 3.42666667; 3.06666667; 2.33000000; 2.90666667; 3.35666667; ...
3.11000000; 2.86333333; 2.81666667; 2.91333333; 3.23000000; 2.85333333; 2.55000000; ...
2.63333333; 2.96333333; 2.89333333; 2.61333333 ...
];


