dy = [
1.030386451
2.454875083
0.687421202
1.139534016
0.3304699694
1.229858252
-0.009246155298
0.5892138343
1.15412414
0.9640654704
0.8870755897
0.7045950306
1.018819171
1.240696255
2.244393635
1.777218662
1.284488569
1.588198446
1.58915991
1.803343874
1.916403759
1.216938353
1.702328066
1.381472614
2.063582935
1.134364181
0.8489813155
1.221122598
1.254248709
1.311448909
1.125080388
1.036389642
-0.05789987372
1.082260149
0.2239921279
-1.951741859
-1.213749064
-0.3441642109
0.470376816
1.40057203
0.7737292568
1.460133387
1.077516158
1.108647187
0.2741700989
1.342485738
0.579403979
1.243500634
1.430010707
0.8607360659
0.6936829905
0.6181423853
1.387114421
0.4835240638
1.345897619
1.404879532
0.03326543555
1.865187154
1.63096081
0.6057606092
0.8455188256
1.197191313
0.6665396046
0.1821089071
0.4925160035
1.002751117
0.9669724325
1.04135796
0.9990110207
0.8223978692
1.306428643
1.749352993
1.454627539
1.241401688
1.058349601
0.5728090129
0.9261603968
1.356306486
1.491886742
0.994816498
-0.9372086183
-8.248533194
8.77385525
1.771842082
2.664516781
3.142845503
2.366953186
3.574313693
1.769594089
2.34102124
1.806648748
1.759537936
1.608728749
1.065572723
1.87180543
1.177322537
1.155961344
1.371730204
1.234460939
1.187918371
0.8013191017
1.307837879
];

dinfl = [
0.9897110424
0.7836566725
0.9140597201
0.712716763
0.956764792
0.7009664582
0.2822737717
-0.07487347509
0.3194366197
0.7862209168
0.5382605159
0.5913552399
1.028650138
-0.1636063196
0.7461748977
0.3795416222
0.8464185207
0.7857525442
0.6377313769
1.073576706
0.5052246604
0.6757915859
1.514455225
0.9323499491
0.5210826828
0.9024049091
0.9440196356
-0.4104997367
0.9805617472
1.132553826
0.6330124715
1.226802091
1.08318685
1.300935282
1.541723501
-2.290037969
-0.6878685428
0.5315993182
0.860393336
0.7829333531
0.1585034327
-0.03542281966
0.2931471672
0.80987822
1.067369446
1.136711643
0.6523636493
0.4486070618
0.5633194889
0.2111016704
0.4514702283
0.6648074103
0.4019553181
-0.1093418396
0.5408433709
0.3699099871
0.6226432015
0.5309373952
0.2558343747
-0.2484440664
-0.6471412651
0.6819485458
0.3777008778
-0.007567635744
-0.06222749194
0.7997845925
0.424475145
0.6350604928
0.7037396494
0.1152399739
0.4780435851
0.7953947824
0.8429124973
0.5442760767
0.4017089585
0.4072534825
0.2671035293
0.7344525743
0.3298765509
0.7024901499
0.3606216652
-0.9759753958
1.143227256
0.7213893882
0.9935195257
1.855995388
1.603246705
2.137522628
2.197912593
2.389369657
1.322471036
1.011816939
0.9025186098
0.7410555393
0.8628190255
0.6914083688
0.9138169381
0.6823721597
0.3471778624
0.7498814385
0.9329024228
0.4093999224
];

dr = [
5.68
6.27
6.52
6.47
5.59
4.33
3.50
2.13
1.73
1.75
1.74
1.44
1.25
1.25
1.02
1.00
1.00
1.01
1.43
1.95
2.47
2.94
3.46
3.98
4.46
4.91
5.25
5.25
5.26
5.25
5.07
4.50
3.18
2.09
1.94
0.51
0.18
0.18
0.16
0.12
0.13
0.19
0.19
0.19
0.16
0.09
0.08
0.07
0.10
0.15
0.14
0.16
0.14
0.12
0.08
0.09
0.07
0.09
0.09
0.10
0.11
0.12
0.14
0.16
0.36
0.37
0.40
0.45
0.70
0.95
1.15
1.20
1.45
1.74
1.92
2.22
2.40
2.40
2.19
1.64
1.26
0.06
0.09
0.09
0.08
0.07
0.09
0.08
0.12
0.77
2.19
3.65
4.52
4.99
5.26
5.33
5.33
5.33
5.26
4.65
4.33
4.33
];
